1 10 20
2 40 15
3 25 50
4 60 35
5 80 70
6 15 80
7 55 90
8 90 40
9 70 10
10 35 65
11 14 62
12 85 33
13 52 71
14 8 49
15 91 18
16 33 88
17 64 25
18 29 5
19 73 92
20 48 57
21 6 74
22 81 41
23 27 63
24 59 12
25 95 85
26 19 38
27 42 79
28 68 21
29 11 53
30 87 69
31 36 94
32 76 8
33 51 46
34 22 82
35 99 27
36 4 68
37 61 14
38 30 55
39 84 91
40 47 31
41 16 77
42 93 45
43 56 3
44 24 61
45 79 84
46 39 19
47 66 52
48 9 97
49 89 36
50 53 72
51 21 8
52 74 65
53 32 44
54 96 23
55 5 58
56 63 87
57 41 11
58 82 50
59 18 76
60 58 29
61 88 93
62 26 4
63 69 64
64 13 42
65 92 78
66 49 17
67 7 86
68 71 39
69 34 98
70 86 59
71 54 26
72 23 75
73 97 15
74 43 51
75 17 89
76 65 32
77 28 67
78 83 48
79 2 24
80 75 96
81 38 6
82 62 81
83 94 43
84 50 13
85 15 60
86 78 85
87 31 34
88 67 9
89 80 73
90 20 47
91 90 28
92 46 83
93 10 56
94 57 2
95 85 90
96 35 16
97 72 66
98 25 37
99 60 79
100 98 54